638
707
948
113
604
703
633
674
697
547
278
373
117
527
426
112
43
984
14
728
838
489
188
897
235
262
588
752
436
384
817
695
139
439
1000
968
415
350
384
773
204
316
650
647
789
453
650
464
643
341
819
767
508
475
228
216
956
809
743
43
188
194
784
281
733
588
287
266
318
298
814
647
871
615
328
564
828
593
633
689
415
599
628
516
170
375
413
135
929
869
254
47
777
194
167
226
10
812
657
429
258
568
173
598
241
936
237
464
727
663
400
266
401
394
291
711
592
664
916
515
980
525
940
370
33
880
733
799
627
703
513
856
415
420
170
60
704
632
676
587
246
804
313
613
78
692
903
763
317
564
364
716
307
56
312
433
902
248
912
518
266
76
57
707
566
574
790
61
572
754
875
841
502
415
567
204
895
685
972
550
662
961
388
383
936
535
880
178
208
214
415
798
372
36
782
516
242
726
815
835
134
837
167
907
689
260
697
54
963
347
303
97
768
442
804
996
338
644
965
719
835
326
749
649
9
161
750
769
793
874
514
696
518
8
100
65
6
167
496
123
440
253
488
253
969
976
88
604
600
54
214
380
751
146
481
763
941
19
980
76
351
330
210
633
176
671
527
635
51
295
73
414
596
160
278
763
719
939
255
772
873
589
998
486
242
720
335
393
363
882
812
524
829
937
962
316
350
503
228
510
493
395
521
657
652
182
505
691
310
290
664
686
741
130
335
346
276
222
750
818
75
413
339
487
122
168
163
657
525
270
495
115
12
227
843
923
582
368
698
633
329
863
497
433
58
982
733
926
976
289
958
171
706
551
606
881
396
336
873
485
162
852
975
763
2
581
355
808
512
154
951
401
99
5
832
125
906
37
348
492
139
91
558
361
41
911
657
467
591
980
198
892
164
5
339
221
497
898
819
485
358
277
186
583
166
365
244
774
749
700
473
372
750
771
988
503
397
273
541
341
971
617
785
378
806
729
560
351
156
115
803
310
823
404
755
386
845
652
477
611
557
426
88
490
174
368
481
564
722
156
254
585
741
640
2
170
783
753
73
343
797
55
654
69
683
428
203
31
447
716
782
140
175
541
697
214
21
152
686
529
985
276
29
729
407
730
586
425
931
992
39
499
497
328
740
165
579
80
54
586
345
636
444
60
143
291
816
402
282
744
848
378
999
771
1000
138
177
449
843
689
548
654
108
737
812
632
400
203
535
803
891
408
399
10
711
674
207
902
240
587
808
515
280
939
512
558
936
444
638
554
442
926
588
255
951
672
256
491
303
631
819
94
22
806
332
426
515
936
219
201
672
990
637
606
73
808
611
413
140
548
482
627
133
915
603
960
473
643
484
162
363
749
209
198
698
16
456
555
154
66
458
470
185
596
594
44
805
815
355
917
895
978
325
188
298
917
723
551
216
927
582
529
828
934
904
315
365
683
921
387
670
927
904
669
401
785
129
803
210
329
343
950
109
98
759
981
264
283
476
995
70
164
393
722
108
373
766
69
571
938
283
427
313
985
11
70
670
829
179
539
392
578
332
628
982
984
699
836
715
981
996
655
200
170
928
11
913
946
25
152
591
472
772
980
527
603
460
803
969
324
434
16
269
127
828
786
309
463
502
236
428
126
349
854
997
107
593
814
443
599
502
155
588
150
253
888
592
833
955
673
442
225
895
599
563
809
674
77
79
303
291
195
584
795
685
586
572
213
573
460
843
978
813
342
1
383
575
239
200
175
534
991
308
15
465
741
164
852
587
871
771
958
799
186
516
22
461
664
957
482
536
958
397
329
94
788
810
365
168
901
603
524
304
650
958
416
174
31
875
340
429
963
426
538
44
542
779
499
362
37
918
92
326
358
47
32
422
961
401
749
849
793
187
266
815
795
406
180
117
165
981
325
259
171
36
465
285
816
464
912
984
865
72
819
49
462
195
431
56
22
725
820
653
84
307
709
506
288
937
175
835
296
173
796
170
534
323
708
256
111
649
60
572
158
306
96
694
967
990
346
205
550
788
899
953
8
532
974
289
429
660
800
638
606
989
155
148
312
288
759
964
968
505
984
888
867
845
82
172
427
860
154
450
276
293
23
458
445
233
808
856
972
16
709
403
960
593
58
272
264
326
349
316
103
109
50
860
725
959
868
46
980
685
535
844
653
216
328
956
465
749
866
10
8
109
207
623
632
136
642
492
575
687
692
160
582
586
175
488
815
601
353
559
208
524
452
593
363
727
432
537
805
883
417
420
981
708
195
558
473
700
249
447
2
299
245
488
15
746
64
732
412
204
590
574
490
712
560
803
1000
650
598
679
625
612
786
347
319
907
421
972
788
369
556
872
570
457
728
314
175
912
198
156
873
670
456
146
444
134
968
720
984
749
360
494
364
973
277
140
990
619
887
487
411
874
767
895
758
883
566
466
273
330
120
469
383
817
619
986
929
32
827
599
84
384
696
963
531
625
880
506
563
884
109
652
322
581
291
439
144
282
819
743
601
916
560
429
484
615
86
791
27
515
732
6
649
996
465
391
374
290
661
545
863
969
67
966
458
296
924
868
887
269
166
581
510
936
551
399
862
776
416
149
254
489
739
253
292
805
713
354
615
964
338
721
756
879
756
691
509
412
512
732
965
181
137
419
942
893
330
355
461
846
530
8
698
524
449
704
820
780
270
815
854
474
880
141
15
266
642
892
853
171
692
945
589
935
499
948
859
769
67
215
709
257
443
119
767
254
793
700
761
361
228
382
608
834
229
871
764
585
882
973
708
238
515
725
120
432
707
879
369
763
780
366
884
821
926
638
749
918
239
416
898
505
486
881
396
954
801
657
305
725
468
619
290
442
250
131
639
827
844
520
794
550
184
2
740
465
720
874
949
56
688
17
909
982
158
787
692
857
69
278
725
597
724
326
979
262
608
700
653
650
498
580
626
888
788
188
275
415
132
391
899
929
22
802
356
950
721
215
765
220
592
62
820
932
71
108
566
831
172
670
908
865
523
135
267
870
133
293
345
864
947
84
261
596
65
681
106
224
294
93
708
89
430
180
46
735
354
978
845
116
809
241
345
462
412
929
959
585
569
880
68
326
362
349
898
91
935
444
548
629
584
851
795
445
664
357
82
559
382
849
381
101
277
95
474
102
554
651
191
445
599
665
908
561
392
844
9
195
642
546
9
819
662
617
303
330
240
160
937
726
981
950
213
253
830
129
505
268
319
929
91
39
375
216
769
531
955
366
959
171
859
283
681
565
576
531
390
985
895
431
386
871
793
879
568
31
759
375
372
511
790
33
268
729
31
142
987
301
574
606
690
548
430
873
724
666
321
708
60
167
140
904
522
403
428
505
844
347
996
513
630
698
364
492
983
53
369
129
899
757
86
170
634
416
514
884
860
249
86
354
662
312
171
690
477
104
500
271
873
203
913
671
6
378
426
898
522
890
321
660
418
699
453
684
532
774
711
361
636
990
115
995
850
254
85
919
229
687
3
775
452
158
845
741
251
983
684
938
612
90
346
714
811
430
748
449
210
359
817
406
523
513
907
677
689
369
649
285
455
435
581
8
162
435
349
281
526
473
99
438
53
21
63
552
439
170
332
835
439
262
951
147
454
786
693
763
497
712
5
117
368
213
450
178
482
793
775
85
938
722
514
369
751
274
103
250
98
164
276
808
739
618
152
102
475
690
470
922
249
466
783
936
586
973
961
109
680
191
928
66
827
411
705
151
521
712
97
908
486
816
344
708
719
438
759
938
153
913
126
901
295
243
685
858
82
6
94
868
898
906
663
425
475
316
788
410
526
74
347
587
359
220
742
65
689
290
905
61
150
53
660
5
488
1
616
312
708
172
193
657
977
266
518
704
694
848
5
76
907
354
730
702
393
310
573
549
916
399
367
285
458
655
769
361
183
521
539
866
164
897
826
3
75
857
43
982
295
575
713
438
639
34
139
247
354
800
594
542
873
302
568
294
626
824
692
423
969
577
416
837
120
140
622
425
709
783
321
975
506
618
70
616
929
920
811
564
865
185
364
196
805
613
331
371
387
227
169
664
758
545
10
135
364
448
244
461
513
306
1000
293
555
197
710
502
354
217
356
349
667
610
776
484
590
995
945
419
733
565
768
766
838
778
479
365
68
326
403
654
275
430
328
871
499
271
940
80
192
589
361
395
145
302
434
977
948
756
933
60
887
241
751
808
766
552
219
398
274
738
479
187
500
675
127
793
305
991
731
427
639
925
258
659
271
93
41
386
548
1
421
991
949
365
661
794
394
321
18
777
687
953
620
532
29
976
510
998
724
566
432
60
561
959
82
700
457
356
402
724
940
931
279
127
192
254
52
868
183
287
325
920
848
132
873
371
774
196
774
156
202
416
589
199
624
622
130
79
223
39
203
98
145
656
492
55
274
429
989
506
707
234
516
595
761
277
850
277
73
169
238
357
356
554
621
392
601
400
687
339
798
50
877
387
837
255
972
236
246
252
304
696
379
619
984
872
477
865
782
6
814
361
184
76
989
874
401
292
261
713
110
876
282
331
692
606
635
475
751
501
453
958
429
994
265
691
956
452
524
582
110
857
718
404
394
683
606
488
796
380
705
599
589
87
701
912
569
980
132
785
117
648
458
792
24
761
609
774
507
62
723
416
961
178
878
214
441
25
560
67
299
257
558
359
214
499
484
596
643
62
257
670
865
543
621
469
769
474
579
205
555
254
448
534
327
747
952
943
485
104
354
992
666
698
489
346
786
584
998
394
132
686
618
527
76
903
325
128
241
844
283
33
72
866
451
719
807
183
381
304
863
237
900
948
522
578
48
719
624
793
105
904
690
906
521
856
870
253
911
840
255
300
386
32
422
595
98
831
496
323
904
273
783
188
83
473
413
283
228
123
677
314
191
763
524
422
753
106
938
167
282
48
867
135
230
127
41
844
230
352
567
430
910
629
178
523
886
866
245
917
386
342
752
895
177
184
905
389
788
715
158
170
509
401
116
9
127
752
953
398
227
929
829
582
597
740
489
50
902
335
342
441
265
524
199
987
105
199
340
901
145
405
281
484
837
583
533
208
407
287
557
71
691
816
488
896
482
273
884
262
898
110
997
394
112
210
274
3
234
206
600
190
794
141
455
585
193
835
911
702
704
910
347
812
771
305
351
572
551
392
989
334
983
671
425
26
860
469
186
82
206
969
931
211
20
464
911
711
703
25
170
736
971
984
168
804
547
120
983
606
444
231
786
617
436
368
405
92
441
10
574
375
824
879
593
109
65
15
392
524
739
621
990
921
277
124
54
881
142
674
153
685
750
283
910
822
36
846
4
250
616
341
210
461
813
759
181
502
839
988
788
674
356
77
889
350
838
731
453
349
31
620
672
620
731
554
763
171
142
196
323
99
903
798
90
430
884
987
802
304
515
529
528
477
506
46
789
697
522
463
730
688
565
478
263
270
624
84
890
64
241
76
925
670
158
97
165
694
721
809
241
581
925
614
715
382
389
537
30
395
230
352
130
150
925
676
715
497
904
891
331
214
908
791
975
199
500
912
592
848
513
210
2
743
568
893
781
290
394
575
57
312
485
615
225
193
642
63
419
455
725
839
997
439
451
36
316
137
460
776
54
898
9
314
348
400
10
382
573
520
966
754
226
286
163
501
162
834
41
156
926
128
118
234
143
527
8
58
178
784
500
105
796
725
610
725
627
149
588
218
790
506
854
460
70
845
680
463
902
242
630
980
849
172
65
326
929
184
269
411
240
341
481
448
253
664
641
973
612
288
379
359
930
649
729
16
92
535
838
572
376
392
297
141
145
735
803
665
9
217
920
842
219
795
640
286
197
18
8
486
421
384
919
662
119
710
118
978
50
185
181
209
481
848
168
378
454
549
243
418
13
989
950
456
156
631
868
321
755
211
293
466
798
467
150
242
118
32
406
549
388
845
822
782
938
365
857
498
18
780
859
467
557
160
914
553
896
726
593
656
546
268
983
128
101
154
229
974
8
947
877
965
849
566
144
390
873
672
118
493
964
149
84
581
577
861
167
402
705
597
121
495
219
377
584
244
76
907
821
341
618
81
136
22
473
916
945
647
787
272
882
108
9
944
298
379
560
861
463
930
533
281
754
568
885
761
63
104
780
569
599
663
495
435
416
603
812
24
280
42
293
776
171
854
883
462
351
283
160
532
429
343
354
715
125
923
5
789
718
617
254
947
365
495
152
889
226
289
329
982
255
462
665
145
665
512
864
817
742
574
434
353
66
687
765
491
903
205
24
114
130
28
794
158
919
456
26
267
40
114
120
914
408
534
900
593
309
50
782
214
272
106
932
189
101
827
91
119
998
846
975
829
74
351
348
287
974
462
911
439
168
919
659
979
246
407
395
356
206
74
527
612
42
294
778
983
877
903
481
483
126
107
24
735
628
666
630
789
504
91
742
53
387
516
813
736
680
971
466
680
726
203
122
15
550
623
498
416
806
926
68
926
232
235
985
391
957
573
337
910
324
684
576
606
878
456
138
502
920
46
702
154
373
107
210
316
708
127
909
144
424
182
91
840
856
223
982
653
280
436
220
306
971
943
366
91
414
589
394
224
758
554
170
386
825
335
908
287
122
749
384
711
915
659
157
984
488
224
858
534
262
109
983
922
17
569
20
853
761
978
833
243
493
365
174
964
949
213
258
83
449
448
58
787
981
743
624
309
620
169
837
85
540
133
940
749
699
374
116
488
706
176
288
608
507
95
1000
616
717
43
218
733
772
483
558
612
349
347
366
263
74
932
50
125
94
111
764
422
757
17
558
517
28
515
815
171
429
565
826
429
490
45
786
605
548
37
759
459
936
663
970
663
96
222
811
496
55
472
376
358
965
112
53
659
973
396
982
770
760
385
819
92
593
999
907
499
536
528
751
697
586
784
461
799
473
129
596
355
436
101
657
547
874
96
400
687
921
324
753
772
201
108
793
103
942
562
148
357
434
336
22
574
914
561
947
567
543
382
186
670
586
835
228
18
840
995
960
491
149
857
87
2
923
213
138
553
351
526
572
623
375
976
387
514
631
657
622
7
365
660
436
228
221
293
164
101
93
160
821
682
753
512
771
101
599
555
798
25
138
944
948
451
448
94
499
185
891
504
569
301
492
853
339
504
599
393
740
778
198
655
85
730
744
94
393
263
158
329
738
561
759
610
180
422
214
511
548
428
97
885
655
853
369
619
742
218
545
791
491
155
987
90
288
620
398
755
399
876
374
884
656
878
506
264
124
244
819
813
402
524
911
321
94
584
162
896
319
873
801
134
918
179
627
592
359
570
961
919
553
609
111
505
179
677
101
794
170
491
326
217
706
407
588
859
820
824
238
98
418
645
818
191
433
562
314
91
395
668
821
182
115
821
661
920
334
445
585
452
250
632
388
794
627
416
528
176
95
95
713
6
495
148
77
653
262
71
526
114
363
530
859
576
675
759
691
880
866
910
847
516
783
448
205
830
859
459
157
781
834
175
65
391
247
416
122
830
987
784
885
673
315
568
565
517
568
497
560
480
224
256
639
194
663
170
240
826
534
71
675
738
851
803
949
59
490
43
500
756
164
171
886
876
268
256
4
992
594
104
195
23
823
697
170
408
699
276
172
956
921
456
415
991
818
655
495
659
562
575
387
285
850
256
693
6
431
984
720
894
618
47
158
941
597
101
977
255
769
610
433
458
111
456
698
163
635
520
67
106
279
742
659
525
784
63
155
987
293
538
675
920
796
524
508
817
994
879
472
185
975
187
297
400
695
5
226
19
472
30
807
603
420
789
117
59
603
415
222
875
131
584
651
94
92
181
818
264
351
39
534
505
334
655
995
339
532
642
67
15
794
890
713
58
942
685
359
292
381
174
905
600
276
569
507
982
447
583
518
776
340
580
232
125
244
327
840
312
710
956
166
759
353
32
255
3
725
686
923
222
299
800
838
39
372
207
574
205
444
724
6
443
508
712
549
289
792
183
980
741
30
662
618
443
502
164
113
355
759
274
296
924
452
365
377
376
792
396
123
289
124
257
677
894
210
694
484
821
331
683
585
606
740
386
711
926
479
319
179
930
51
412
645
588
94
890
640
213
912
839
52
999
22
194
295
775
980
185
568
19
217
20
658
676
920
509
382
940
165
227
433
737
997
560
606
994
682
518
331
45
945
953
211
967
106
731
972
501
145
614
420
162
941
652
637
680
748
950
900
77
177
79
659
280
145
984
353
337
932
387
558
24
666
231
122
417
448
126
984
783
653
972
658
105
648
995
511
277
801
39
175
194
277
35
626
413
146
457
887
892
12
384
529
265
245
889
500
270
324
783
172
605
782
491
775
548
867
255
110
59
656
617
129
527
794
51
58
741
964
990
779
119
958
65
809
247
598
802
904
368
289
42
396
292
882
187
897
107
697
557
346
983
675
82
596
767
642
262
431
1
701
315
230
703
480
645
508
694
405
864
946
907
538
990
883
315
548
574
426
760
475
570
854
174
85
136
626
360
218
673
824
177
423
851
404
217
6
163
80
786
68
603
230
304
74
122
503
548
290
855
445
104
462
668
591
216
26
853
785
605
453
940
576
315
693
524
262
809
941
994
567
40
708
881
275
428
206
258
440
14
265
846
340
126
942
399
671
800
377
971
837
60
266
490
211
551
935
411
22
635
129
717
977
365
519
20
49
498
286
234
706
43
715
521
601
647
902
782
319
461
369
599
132
909
799
177
337
743
91
255
876
95
895
777
599
300
9
983
417
473
587
342
633
409
507
490
192
225
916
709
85
457
802
108
732
847
888
94
697
561
789
381
28
275
748
515
605
681
645
419
941
741
585
964
292
230
775
907
16
157
217
484
420
14
550
209
420
887
678
360
485
720
606
20
229
380
47
128
847
222
21
623
997
119
846
552
109
90
924
259
601
178
415
819
184
722
953
477
440
235
899
438
849
19
936
504
575
547
574
1000
497
383
736
265
256
158
986
341
831
743
84
413
880
420
615
510
663
432
174
839
624
133
505
496
515
678
831
686
191
463
758
116
978
58
221
445
744
936
292
820
370
880
616
335
684
582
129
212
581
55
85
638
707
948
113
604
703
633
674
697
547
278
373
117
527
426
112
43
984
14
728
838
489
188
897
235
262
588
752
436
384
817
695
139
439
1000
968
415
350
384
773
204
316
650
647
789
453
650
464
643
341
819
767
508
475
228
216
956
809
743
43
188
194
784
281
733
588
287
266
318
298
814
647
871
615
328
564
828
593
633
689
415
599
628
516
170
375
413
135
929
869
254
47
777
194
167
226
10
812
657
429
258
568
173
598
241
936
237
464
727
663
400
266
401
394
291
711
592
664
916
515
980
525
940
370
33
880
733
799
627
703
513
856
415
420
170
60
704
632
676
587
246
804
313
613
78
692
903
763
317
564
364
716
307
56
312
433
902
248
912
518
266
76
57
707
566
574
790
61
572
754
875
841
502
415
567
204
895
685
972
550
662
961
388
383
936
535
880
178
208
214
415
798
372
36
782
516
242
726
815
835
134
837
167
907
689
260
697
54
963
347
303
97
768
442
804
996
338
644
965
719
835
326
749
649
9
161
750
769
793
874
514
696
518
8
100
65
6
167
496
123
440
253
488
253
969
976
88
604
600
54
214
380
751
146
481
763
941
19
980
76
351
330
210
633
176
671
527
635
51
295
73
414
596
160
278
763
719
939
255
772
873
589
998
486
242
720
335
393
363
882
812
524
829
937
962
316
350
503
228
510
493
395
521
657
652
182
505
691
310
290
664
686
741
130
335
346
276
222
750
818
75
413
339
487
122
168
163
657
525
270
495
115
12
227
843
923
582
368
698
633
329
863
497
433
58
982
733
926
976
289
958
171
706
551
606
881
396
336
873
485
162
852
975
763
2
581
355
808
512
154
951
401
99
5
832
125
906
37
348
492
139
91
558
361
41
911
657
467
591
980
198
892
164
5
339
221
497
898
819
485
358
277
186
583
166
365
244
774
749
700
473
372
750
771
988
503
397
273
541
341
971
617
785
378
806
729
560
351
156
115
803
310
823
404
755
386
845
652
477
611
557
426
88
490
174
368
481
564
722
156
254
585
741
640
2
170
783
753
73
343
797
55
654
69
683
428
203
31
447
716
782
140
175
541
697
214
21
152
686
529
985
276
29
729
407
730
586
425
931
992
39
499
497
328
740
165
579
80
54
586
345
636
444
60
143
291
816
402
282
744
848
378
999
771
1000
138
177
449
843
689
548
654
108
737
812
632
400
203
535
803
891
408
399
10
711
674
207
902
240
587
808
515
280
939
512
558
936
444
638
554
442
926
588
255
951
672
256
491
303
631
819
94
22
806
332
426
515
936
219
201
672
990
637
606
73
808
611
413
140
548
482
627
133
915
603
960
473
643
484
162
363
749
209
198
698
16
456
555
154
66
458
470
185
596
594
44
805
815
355
917
895
978
325
188
298
917
723
551
216
927
582
529
828
934
904
315
365
683
921
387
670
927
904
669
401
785
129
803
210
329
343
950
109
98
759
981
264
283
476
995
70
164
393
722
108
373
766
69
571
938
283
427
313
985
11
70
670
829
179
539
392
578
332
628
982
984
699
836
715
981
996
655
200
170
928
11
913
946
25
152
591
472
772
980
527
603
460
803
969
324
434
16
269
127
828
786
309
463
502
236
428
126
349
854
997
107
593
814
443
599
502
155
588
150
253
888
592
833
955
673
442
225
895
599
563
809
674
77
79
303
291
195
584
795
685
586
572
213
573
460
843
978
813
342
1
383
575
239
200
175
534
991
308
15
465
741
164
852
587
871
771
958
799
186
516
22
461
664
957
482
536
958
397
329
94
788
810
365
168
901
603
524
304
650
958
416
174
31
875
340
429
963
426
538
44
542
779
499
362
37
918
92
326
358
47
32
422
961
401
749
849
793
187
266
815
795
406
180
117
165
981
325
259
171
36
465
285
816
464
912
984
865
72
819
49
462
195
431
56
22
725
820
653
84
307
709
506
288
937
175
835
296
173
796
170
534
323
708
256
111
649
60
572
158
306
96
694
967
990
346
205
550
788
899
953
8
532
974
289
429
660
800
638
606
989
155
148
312
288
759
964
968
505
984
888
867
845
82
172
427
860
154
450
276
293
23
458
445
233
808
856
972
16
709
403
960
593
58
272
264
326
349
316
103
109
50
860
725
959
868
46
980
685
535
844
653
216
328
956
465
749
866
10
8
109
207
623
632
136
642
492
575
687
692
160
582
586
175
488
815
601
353
559
208
524
452
593
363
727
432
537
805
883
417
420
981
708
195
558
473
700
249
447
2
299
245
488
15
746
64
638
707
948
113
604
703
633
674
697
547
278
373
117
527
426
112
43
984
14
728
838
489
188
897
235
262
588
752
436
384
817
695
139
439
1000
968
415
350
384
773
204
316
650
647
789
453
650
464
643
341
819
767
508
475
228
216
956
809
743
43
188
194
784
281
733
588
287
266
318
298
814
647
871
615
328
564
828
593
633
689
415
599
628
516
170
375
413
135
929
869
254
47
777
194
167
226
10
812
657
429
258
568
173
598
241
936
237
464
727
663
400
266
401
394
291
711
592
664
916
515
980
525
940
370
33
880
733
799
627
703
513
856
415
420
170
60
704
632
676
587
246
804
313
613
78
692
903
763
317
564
364
716
307
56
312
433
902
248
912
518
266
76
57
707
566
574
790
61
572
754
875
841
502
415
567
204
895
685
972
550
662
961
388
383
936
535
880
178
208
214
415
798
372
36
782
516
242
726
815
835
134
837
167
907
689
260
697
54
963
347
303
97
768
442
804
996
338
644
965
719
835
326
749
649
9
161
750
769
793
874
514
696
518
8
100
65
6
167
496
123
440
253
488
253
969
976
88
604
600
54
214
380
751
146
481
763
941
19
980
76
351
330
210
633
176
671
527
635
51
295
73
414
596
160
278
763
719
939
255
772
873
589
998
486
242
720
335
393
363
882
812
524
829
937
962
316
350
503
228
510
493
395
521
657
652
182
505
691
310
290
664
686
741
130
335
346
276
222
750
818
75
413
339
487
122
168
163
657
525
270
495
115
12
227
843
923
582
368
698
633
329
863
497
433
58
982
733
926
976
289
958
171
706
551
606
881
396
336
873
485
162
852
975
763
2
581
355
808
512
154
951
401
99
5
832
125
906
37
348
492
139
91
558
361
41
911
657
467
591
980
198
892
164
5
339
221
497
898
819
485
358
277
186
583
166
365
244
774
749
700
473
372
750
771
988
503
397
273
541
341
971
617
785
378
806
729
560
351
156
115
803
310
823
404
755
386
845
652
477
611
557
426
88
490
174
368
481
564
722
156
254
585
741
640
2
170
783
753
73
343
797
55
654
69
683
428
203
31
447
716
782
140
175
541
697
214
21
152
686
529
985
276
29
729
407
730
586
425
931
992
39
499
497
328
740
165
579
80
54
586
345
636
444
60
143
291
816
402
282
744
848
378
999
771
1000
138
177
449
843
689
548
654
108
737
812
632
400
203
535
803
891
408
399
10
711
674
207
902
240
587
808
515
280
939
512
558
936
444
638
554
442
926
588
255
951
672
256
491
303
631
819
94
22
806
332
426
515
936
219
201
672
990
637
606
73
808
611
413
140
548
482
627
133
915
603
960
473
643
484
162
363
749
209
198
698
16
456
555
154
66
458
470
185
596
594
44
805
815
355
917
895
978
325
188
298
917
723
551
216
927
582
529
828
934
904
315
365
683
921
387
670
927
904
669
401
785
129
803
210
329
343
950
109
98
759
981
264
283
476
995
70
164
393
722
108
373
766
69
571
938
283
427
313
985
11
70
670
829
179
539
392
578
332
628
982
984
699
836
715
981
996
655
200
170
928
11
913
946
25
152
591
472
772
980
527
603
460
803
969
324
434
16
269
127
828
786
309
463
502
236
428
126
349
854
997
107
593
814
443
599
502
155
588
150
253
888
592
833
955
673
442
225
895
599
563
809
674
77
79
303
291
195
584
795
685
586
572
213
573
460
843
978
813
342
1
383
575
239
200
175
534
991
308
15
465
741
164
852
587
871
771
958
799
186
516
22
461
664
957
482
536
958
397
329
94
788
810
365
168
901
603
524
304
650
958
416
174
31
875
340
429
963
426
538
44
542
779
499
362
37
918
92
326
358
47
32
422
961
401
749
849
793
187
266
815
795
406
180
117
165
981
325
259
171
36
465
285
816
464
912
984
865
72
819
49
462
195
431
56
22
725
820
653
84
307
709
506
288
937
175
835
296
173
796
170
534
323
708
256
111
649
60
572
158
306
96
694
967
990
346
205
550
788
899
953
8
532
974
289
429
660
800
638
606
989
155
148
312
288
759
964
968
505
984
888
867
845
82
172
427
860
154
450
276
293
23
458
445
233
808
856
972
16
709
403
960
593
58
272
264
326
349
316
103
109
50
860
725
959
868
46
980
685
535
844
653
216
328
956
465
749
866
10
8
109
207
623
632
136
642
492
575
687
692
160
582
586
175
488
815
601
353
559
208
524
452
593
363
727
432
537
805
883
417
420
981
708
195
558
473
700
249
447
2
299
245
488
15
746
64
732
412
204
590
574
490
712
560
803
1000
650
598
679
625
612
786
347
319
907
421
972
788
369
556
872
570
457
728
314
175
912
198
156
873
670
456
146
444
134
968
720
984
749
360
494
364
973
277
140
990
619
887
487
411
874
767
895
758
883
566
466
273
330
120
469
383
817
619
986
929
32
827
599
84
384
696
963
531
625
880
506
563
884
109
652
322
581
291
439
144
282
819
743
601
916
560
429
484
615
86
791
27
515
732
6
649
996
465
391
374
290
661
545
863
969
67
966
458
296
924
868
887
269
166
581
510
936
551
399
862
776
416
149
254
489
739
253
292
805
713
354
615
964
338
721
756
879
756
691
509
412
512
732
965
181
137
419
942
893
330
355
461
846
530
8
698
524
449
704
820
780
270
815
854
474
880
141
15
266
642
892
853
171
692
945
589
935
499
948
859
769
67
215
709
257
443
119
767
254
793
700
761
361
228
382
608
834
229
871
764
585
882
973
708
238
515
725
120
432
707
879
369
763
780
366
884
821
926
638
749
918
239
416
898
505
486
881
396
954
801
657
305
725
468
619
290
442
250
131
639
827
844
520
794
550
184
2
740
465
720
874
949
56
688
17
909
982
158
787
692
857
69
278
725
597
724
326
979
262
608
700
653
650
498
580
626
888
788
188
275
415
132
391
899
929
22
802
356
950
721
215
765
220
592
62
820
932
71
108
566
831
172
670
908
865
523
135
267
870
133
293
345
864
947
84
261
596
65
681
106
224
294
93
708
89
430
180
46
735
354
978
845
116
809
241
345
462
412
929
959
585
569
880
68
326
362
349
898
91
935
444
548
629
584
851
795
445
664
357
82
559
382
849
381
101
277
95
474
102
554
651
191
445
599
665
908
561
392
844
9
195
642
546
9
819
662
617
303
330
240
160
937
726
981
950
213
253
830
129
505
268
319
929
91
39
375
216
769
531
955
366
959
171
859
283
681
565
576
531
390
985
895
431
386
871
793
879
568
31
759
375
372
511
790
33
268
729
31
142
987
301
574
606
690
548
430
873
724
666
321
708
60
167
140
904
522
403
428
505
844
347
996
513
630
698
364
492
983
53
369
129
899
757
86
170
634
416
514
884
860
249
86
354
662
312
171
690
477
104
500
271
873
203
913
671
6
378
426
898
522
890
321
660
418
699
453
684
532
774
711
361
636
990
115
995
850
254
85
919
229
687
3
775
452
158
845
741
251
983
684
938
612
90
346
714
811
430
748
449
210
359
817
406
523
513
907
677
689
369
649
285
455
435
581
8
162
435
349
281
526
473
99
438
53
21
63
552
439
170
332
835
439
262
951
147
454
786
693
763
497
712
5
117
368
213
450
178
482
793
775
85
938
722
514
369
751
274
103
250
98
164
276
808
739
618
152
102
475
690
470
922
249
466
783
936
586
973
961
109
680
191
928
66
827
411
705
151
521
712
97
908
486
816
344
708
719
438
759
938
153
913
126
901
295
243
685
858
82
6
94
868
898
906
663
425
475
316
788
410
526
74
347
587
359
220
742
65
689
290
905
61
150
53
660
5
488
1
616
312
708
172
193
657
977
266
518
704
694
848
5
76
907
354
730
702
393
310
573
549
916
399
367
285
458
655
769
361
183
521
539
866
164
897
826
3
75
857
43
982
295
575
713
438
639
34
139
247
354
800
594
542
873
302
568
294
626
824
692
423
969
577
416
837
120
140
622
425
709
783
321
975
506
618
70
616
929
920
811
564
865
185
364
196
805
613
331
371
387
227
169
664
758
545
10
135
364
448
244
461
513
306
1000
293
555
197
710
502
354
217
356
349
667
610
776
484
590
995
945
419
733
565
768
766
838
778
479
365
68
326
403
654
275
430
328
871
499
271
940
80
192
589
361
395
145
302
434
977
948
756
933
60
887
241
751
808
766
552
219
398
274
738
479
187
500
675
127
793
305
991
731
427
639
925
258
659
271
93
41
386
548
1
421
991
949
365
661
794
394
321
18
777
687
953
620
532
29
976
510
998
724
566
432
60
561
959
82
700
457
356
402
724
940
931
279
127
192
254
52
868
183
287
325
920
848
132
873
371
774
196
774
156
202
416
589
199
624
622
130
79
223
39
203
98
145
656
492
55
274
429
989
506
707
234
516
595
761
277
850
277
73
169
238
357
356
554
621
392
601
400
687
339
798
50
877
387
837
255
972
236
246
252
304
696
379
619
984
872
477
865
782
6
814
361
184
76
989
874
401
292
261
713
110
876
282
331
692
606
635
475
751
501
453
958
429
994
265
691
956
452
524
582
110
857
718
404
394
683
606
488
796
380
705
599
589
87
701
912
569
980
132
785
117
648
458
792
24
761
609
774
507
62
723
416
961
178
878
214
441
25
560
67
299
257
558
359
214
499
484
596
643
62
257
670
865
543
621
469
769
474
579
205
555
254
448
534
327
747
952
943
485
104
354
992
666
698
489
346
786
584
998
394
132
686
618
527
76
903
325
128
241
844
283
33
72
866
451
719
807
183
381
304
863
237
900
948
522
578
48
719
624
793
105
904
690
906
521
856
870
253
911
840
255
300
386
32
422
595
98
831
496
323
904
273
783
188
83
473
413
283
228
123
677
314
191
763
524
422
753
106
938
167
282
48
867
135
230
127
41
844
230
352
567
430
910
629
178
523
886
866
245
917
386
342
752
895
177
184
905
389
788
715
158
170
509
401
116
9
127
752
953
398
227
929
829
582
597
740
489
50
902
335
342
441
265
524
199
987
105
199
340
901
145
405
281
484
837
583
533
208
407
287
557
71
691
816
488
896
482
273
884
262
898
110
997
394
112
210
274
3
234
206
600
190
794
141
455
585
193
835
911
702
704
910
347
812
771
305
351
572
551
392
989
334
983
671
425
26
860
469
186
82
206
969
931
211
20
464
911
711
703
25
170
736
971
984
168
804
547
120
983
606
444
231
786
617
436
368
405
92
441
10
574
375
824
879
593
109
65
15
392
524
739
621
990
921
277
124
54
881
142
674
153
685
750
283
910
822
36
846
4
250
616
341
210
461
813
759
181
502
839
988
788
674
356
77
889
350
838
731
453
349
31
620
672
620
731
554
763
171
142
196
323
99
903
798
90
430
884
987
802
304
515
529
528
477
506
46
789
697
522
463
730
688
565
478
263
270
624
84
890
64
241
76
925
670
158
97
165
694
721
809
241
581
925
614
715
382
389
537
30
395
230
352
130
150
925
676
715
497
904
891
331
214
908
791
975
199
500
912
592
848
513
210
2
743
568
893
781
290
394
575
57
312
485
615
225
193
642
63
419
455
725
839
997
439
451
36
316
137
460
776
54
898
9
314
348
400
10
382
573
520
966
754
226
286
163
501
162
834
41
156
926
128
118
234
143
527
8
58
178
784
500
105
796
725
610
725
627
149
588
218
790
506
854
460
70
845
680
463
902
242
630
980
849
172
65
326
929
184
269
411
240
341
481
448
253
664
641
973
612
288
379
359
930
649
729
16
92
535
838
572
376
392
297
141
145
735
803
665
9
217
920
842
219
795
640
286
197
18
8
486
421
384
919
662
119
710
118
978
50
185
181
209
481
848
168
378
454
549
243
418
13
989
950
456
156
631
868
321
755
211
293
466
798
467
150
242
118
32
406
549
388
845
822
782
938
365
857
498
18
780
859
467
557
160
914
553
896
726
593
656
546
268
983
128
101
154
229
974
8
947
877
965
849
566
144
390
873
672
118
493
964
149
84
581
577
861
167
402
705
597
121
495
219
377
584
244
76
907
821
341
618
81
136
22
473
916
945
647
787
272
882
108
9
944
298
379
560
861
463
930
533
281
754
568
885
761
63
104
780
569
599
663
495
435
416
603
812
24
280
42
293
776
171
854
883
462
351
283
160
532
429
343
354
715
125
923
5
789
718
617
254
947
365
495
152
889
226
289
329
982
255
462
665
145
665
512
864
817
742
574
434
353
66
687
765
491
903
205
24
114
130
28
794
158
919
456
26
267
40
114
120
914
408
534
900
593
309
50
782
214
272
106
932
189
101
827
91
119
998
846
975
829
74
351
348
287
974
462
911
439
168
919
659
979
246
407
395
356
206
74
527
612
42
294
778
983
877
903
481
483
126
107
24
735
628
666
630
789
504
91
742
53
387
516
813
736
680
971
466
680
726
203
122
15
550
623
498
416
806
926
68
926
232
235
985
391
957
573
337
910
324
684
576
606
878
456
138
502
920
46
702
154
373
107
210
316
708
127
909
144
424
182
91
840
856
223
982
653
280
436
220
306
971
943
366
91
414
589
394
224
758
554
170
386
825
335
908
287
122
749
384
711
915
659
157
984
488
224
858
534
262
109
983
922
17
569
20
853
761
978
833
243
493
365
174
964
949
213
258
83
449
448
58
787
981
743
624
309
620
169
837
85
540
133
940
749
699
374
116
488
706
176
288
608
507
95
1000
616
717
43
218
733
772
483
558
612
349
347
366
263
74
932
50
125
94
111
764
422
757
17
558
517
28
515
815
171
429
565
826
429
490
45
786
605
548
37
759
459
936
663
970
663
96
222
811
496
55
472
376
358
965
112
53
659
973
396
982
770
760
385
819
92
593
999
907
499
536
528
751
697
586
784
461
799
473
129
596
355
436
101
657
547
874
96
400
687
921
324
753
772
201
108
793
103
942
562
148
357
434
336
22
574
914
561
947
567
543
382
186
670
586
835
228
18
840
995
960
491
149
857
87
2
923
213
138
553
351
526
572
623
375
976
387
514
631
657
622
7
365
660
436
228
221
293
164
101
93
160
821
682
753
512
771
101
599
555
798
25
138
944
948
451
448
94
499
185
891
504
569
301
492
853
339
504
599
393
740
778
198
655
85
730
744
94
393
263
158
329
738
561
759
610
180
422
214
511
548
428
97
885
655
853
369
619
742
218
545
791
491
155
987
90
288
620
398
755
399
876
374
884
656
878
506
264
124
244
819
813
402
524
911
321
94
584
162
896
319
873
801
134
918
179
627
592
359
570
961
919
553
609
111
505
179
677
101
794
170
491
326
217
706
407
588
859
820
824
238
98
418
645
818
191
433
562
314
91
395
668
821
182
115
821
661
920
334
445
585
452
250
632
388
794
627
416
528
176
95
95
713
6
495
148
77
653
262
71
526
114
363
530
859
576
675
759
691
880
866
910
847
516
783
448
205
830
859
459
157
781
834
175
65
391
247
416
122
830
987
784
885
673
315
568
565
517
568
497
560
480
224
256
639
194
663
170
240
826
534
71
675
738
851
803
949
59
490
43
500
756
164
171
886
876
268
256
4
992
594
104
195
23
823
697
170
408
699
276
172
956
921
456
415
991
818
655
495
659
562
575
387
285
850
256
693
6
431
984
720
894
618
47
158
941
597
101
977
255
769
610
433
458
111
456
698
163
635
520
67
106
279
742
659
525
784
63
155
987
293
538
675
920
796
524
508
817
994
879
472
185
975
187
297
400
695
5
226
19
472
30
807
603
420
789
117
59
603
415
222
875
131
584
651
94
92
181
818
264
351
39
534
505
334
655
995
339
532
642
67
15
794
890
713
58
942
685
359
292
381
174
905
600
276
569
507
982
447
583
518
776
340
580
232
125
244
327
840
312
710
956
166
759
353
32
255
3
725
686
923
222
299
800
838
39
372
207
574
205
444
724
6
443
508
712
549
289
792
183
980
741
30
662
618
443
502
164
113
355
759
274
296
924
452
365
377
376
792
396
123
289
124
257
677
894
210
694
484
821
331
683
585
606
740
386
711
926
479
319
179
930
51
412
645
588
94
890
640
213
912
839
52
999
22
194
295
775
980
185
568
19
217
20
658
676
920
509
382
940
165
227
433
737
997
560
606
994
682
518
331
45
945
953
211
967
106
731
972
501
145
614
420
162
941
652
637
680
748
950
900
77
177
79
659
280
145
984
353
337
932
387
558
24
666
231
122
417
448
126
984
783
653
972
658
105
648
995
511
277
801
39
175
194
277
35
626
413
146
457
887
892
12
384
529
265
245
889
500
270
324
783
172
605
782
491
775
548
867
255
110
59
656
617
129
527
794
51
58
741
964
990
779
119
958
65
809
247
598
802
904
368
289
42
396
292
882
187
897
107
697
557
346
983
675
82
596
767
642
262
431
1
701
315
230
703
480
645
508
694
405
864
946
907
538
990
883
315
548
574
426
760
475
570
854
174
85
136
626
360
218
673
824
177
423
851
404
217
6
163
80
786
68
603
230
304
74
122
503
548
290
855
445
104
462
668
591
216
26
853
785
605
453
940
576
315
693
524
262
809
941
994
567
40
708
881
275
428
206
258
440
14
265
846
340
126
942
399
671
800
377
971
837
60
266
490
211
551
935
411
22
635
129
717
977
365
519
20
49
498
286
234
706
43
715
521
601
647
902
782
319
461
369
599
132
909
799
177
337
743
91
255
876
95
895
777
599
300
9
983
417
473
587
342
633
409
507
490
192
225
916
709
85
457
802
108
732
847
888
94
697
561
789
381
28
275
748
515
605
681
645
419
941
741
585
964
292
230
775
907
16
157
217
484
420
14
550
209
420
887
678
360
485
720
606
20
229
380
47
128
847
222
21
623
997
119
846
552
109
90
924
259
601
178
415
819
184
722
953
477
440
235
899
438
849
19
936
504
575
547
574
1000
497
383
736
265
256
158
986
341
831
743
84
413
880
420
615
510
663
432
174
839
624
133
505
496
515
678
831
686
191
463
758
116
978
58
221
445
744
936
292
820
370
880
616
335
684
582
129
212
581
55
85
638
707
948
113
604
703
633
674
697
547
278
373
117
527
426
112
43
984
14
728
838
489
188
897
235
262
588
752
436
384
817
695
139
439
1000
968
415
350
384
773
204
316
650
647
789
453
650
464
643
341
819
767
508
475
228
216
956
809
743
43
188
194
784
281
733
588
287
266
318
298
814
647
871
615
328
564
828
593
633
689
415
599
628
516
170
375
413
135
929
869
254
47
777
194
167
226
10
812
657
429
258
568
173
598
241
936
237
464
727
663
400
266
401
394
291
711
592
664
916
515
980
525
940
370
33
880
733
799
627
703
513
856
415
420
170
60
704
632
676
587
246
804
313
613
78
692
903
763
317
564
364
716
307
56
312
433
902
248
912
518
266
76
57
707
566
574
790
61
572
754
875
841
502
415
567
204
895
685
972
550
662
961
388
383
936
535
880
178
208
214
415
798
372
36
782
516
242
726
815
835
134
837
167
907
689
260
697
54
963
347
303
97
768
442
804
996
338
644
965
719
835
326
749
649
9
161
750
769
793
874
514
696
518
8
100
65
6
167
496
123
440
253
488
253
969
976
88
604
600
54
214
380
751
146
481
763
941
19
980
76
351
330
210
633
176
671
527
635
51
295
73
414
596
160
278
763
719
939
255
772
873
589
998
486
242
720
335
393
363
882
812
524
829
937
962
316
350
503
228
510
493
395
521
657
652
182
505
691
310
290
664
686
741
130
335
346
276
222
750
818
75
413
339
487
122
168
163
657
525
270
495
115
12
227
843
923
582
368
698
633
329
863
497
433
58
982
733
926
976
289
958
171
706
551
606
881
396
336
873
485
162
852
975
763
2
581
355
808
512
154
951
401
99
5
832
125
906
37
348
492
139
91
558
361
41
911
657
467
591
980
198
892
164
5
339
221
497
898
819
485
358
277
186
583
166
365
244
774
749
700
473
372
750
771
988
503
397
273
541
341
971
617
785
378
806
729
560
351
156
115
803
310
823
404
755
386
845
652
477
611
557
426
88
490
174
368
481
564
722
156
254
585
741
640
2
170
783
753
73
343
797
55
654
69
683
428
203
31
447
716
782
140
175
541
697
214
21
152
686
529
985
276
29
729
407
730
586
425
931
992
39
499
497
328
740
165
579
80
54
586
345
636
444
60
143
291
816
402
282
744
848
378
999
771
1000
138
177
449
843
689
548
654
108
737
812
632
400
203
535
803
891
408
399
10
711
674
207
902
240
587
808
515
280
939
512
558
936
444
638
554
442
926
588
255
951
672
256
491
303
631
819
94
22
806
332
426
515
936
219
201
672
990
637
606
73
808
611
413
140
548
482
627
133
915
603
960
473
643
484
162
363
749
209
198
698
16
456
555
154
66
458
470
185
596
594
44
805
815
355
917
895
978
325
188
298
917
723
551
216
927
582
529
828
934
904
315
365
683
921
387
670
927
904
669
401
785
129
803
210
329
343
950
109
98
759
981
264
283
476
995
70
164
393
722
108
373
766
69
571
938
283
427
313
985
11
70
670
829
179
539
392
578
332
628
982
984
699
836
715
981
996
655
200
170
928
11
913
946
25
152
591
472
772
980
527
603
460
803
969
324
434
16
269
127
828
786
309
463
502
236
428
126
349
854
997
107
593
814
443
599
502
155
588
150
253
888
592
833
955
673
442
225
895
599
563
809
674
77
79
303
291
195
584
795
685
586
572
213
573
460
843
978
813
342
1
383
575
239
200
175
534
991
308
15
465
741
164
852
587
871
771
958
799
186
516
22
461
664
957
482
536
958
397
329
94
788
810
365
168
901
603
524
304
650
958
416
174
31
875
340
429
963
426
538
44
542
779
499
362
37
918
92
326
358
47
32
422
961
401
749
849
793
187
266
815
795
406
180
117
165
981
325
259
171
36
465
285
816
464
912
984
865
72
819
49
462
195
431
56
22
725
820
653
84
307
709
506
288
937
175
835
296
173
796
170
534
323
708
256
111
649
60
572
158
306
96
694
967
990
346
205
550
788
899
953
8
532
974
289
429
660
800
638
606
989
155
148
312
288
759
964
968
505
984
888
867
845
82
172
427
860
154
450
276
293
23
458
445
233
808
856
972
16
709
403
960
593
58
272
264
326
349
316
103
109
50
860
725
959
868
46
980
685
535
844
653
216
328
956
465
749
866
10
8
109
207
623
632
136
642
492
575
687
692
160
582
586
175
488
815
601
353
559
208
524
452
593
363
727
432
537
805
883
417
420
981
708
195
558
473
700
249
447
2
299
245
488
15
746
64